103.18 82.984 85.096 
106.964 114.972 79.464 
106.568 106.7 87.032 
34.012 29.348 45.056 
70.224 115.94 183.48 
207.46 207.108 195.624 
168.168 154.704 104.06 
136.84 112.156 80.52 
76.032 48.488 25.256 
46.156 56.1 98.648 
47.124 131.604 122.76 
150.436 164.868 201.3 
205.084 207.68 196.108 
203.588 195.8 218.24 
218.592 227.172 209.616 
174.856 175.12 169.576 
167.024 127.82 132.792 
182.556 149.38 121.924 
109.428 145.772 157.916 
121.968 132.968 154.396 
170.676 177.232 171.116 
167.244 138.556 203.588 
215.908 220.748 211.42 
125.972 131.076 90.288 
59.312 53.944 48.62 
40.568 22.0 22.0 
22.0 22.0 22.0 
22.0 22.0 22.0 
22.0 22.0 22.0 
22.0 10.648 10.648 
10.648 10.648 10.648 
11.0 34.672 25.652 
50.248 92.708 151.316 
63.712 53.372 74.844 
57.332 111.76 199.716 
148.632 198.264 97.812 
76.912 49.94 51.26 
72.512 96.448 68.64 
12.76 11.88 12.848 
25.608 18.216 10.56 
43.12 44.396 58.432 
48.312 77.484 80.432 
83.908 93.412 75.768 
72.556 69.256 65.428 
75.416 79.332 76.56 
77.352 90.42 120.56 
157.652 193.996 215.512 
203.456 207.46 203.764 
184.932 173.844 156.508 
131.164 109.824 104.588 
96.8 53.812 33.132 
111.056 178.112 199.892 
225.148 217.228 226.732 
240.504 235.532 237.996 
181.236 125.4 103.532 
43.296 30.008 28.336 
23.276 59.884 42.24 
33.308 59.84 80.564 
72.952 53.592 65.692 
82.324 54.472 45.496 
30.096 13.64 27.236 
16.852 16.852 16.852 
16.852 16.852 16.852 
16.852 10.428 32.912 
61.072 42.988 43.12 
57.156 74.492 48.312 
13.244 13.244 13.244 
13.244 13.244 13.244 
13.244 13.244 13.244 
13.244 13.244 13.244 
13.244 13.244 13.244 
13.244 18.92 10.472 
46.376 65.296 36.564 
69.696 96.404 32.868 
18.524 18.524 18.524 
10.78 12.892 19.976 
21.648 70.752 84.92 
161.304 106.876 128.26 
123.596 146.476 151.184 
162.228 172.964 136.752 
165.792 107.844 70.664 
55.616 21.296 11.396 
11.396 11.396 13.684 
22.572 41.14 28.82 
28.82 28.82 28.82 
28.82 28.82 28.82 
54.78 81.268 75.196 
35.332 44.572 24.244 
28.468 79.772 143.264 
162.712 199.056 164.824 
92.928 15.356 15.356 
15.356 16.544 16.544 
16.544 86.328 40.128 
42.46 11.088 11.088 
11.088 11.088 11.088 
11.088 11.088 11.088 
11.088 11.088 11.088 
11.088 11.088 11.088 
11.088 11.088 11.088 
11.088 11.088 11.088 
11.088 11.088 11.088 
43.164 43.164 43.164 
35.112 38.808 42.02 
17.996 17.996 17.996 
20.9 20.9 11.924 
15.532 33.0 33.792 
38.808 10.604 10.604 
10.604 28.336 27.28 
15.84 32.912 21.516 
11.836 20.328 33.0 
39.116 13.948 13.948 
13.948 13.948 13.948 
13.948 13.948 13.948 
13.948 13.948 13.948 
13.948 13.948 13.948 
13.948 13.948 13.948 
31.856 25.652 12.144 
13.42 13.42 13.42 
13.42 13.42 14.652 
14.652 14.652 17.82 
49.06 20.284 10.78 
16.412 39.864 17.336 
17.424 17.424 17.424 
16.192 23.716 12.408 
23.452 23.452 14.036 
11.352 11.352 44.66 
42.988 75.592 100.144 
49.368 70.092 102.564 
14.476 12.144 44.088 
77.396 67.76 60.632 
10.208 10.208 10.208 
10.208 18.524 15.488 
35.068 65.648 111.232 
122.276 126.984 94.556 
115.984 98.956 73.348 
50.732 39.292 51.172 
78.056 83.116 69.608 
148.852 147.62 108.24 
106.964 98.56 86.504 
94.16 105.072 133.584 
144.892 184.536 162.448 
118.096 126.104 184.14 
164.472 110.66 126.676 
169.576 171.6 136.928 
114.312 133.54 126.852 
116.204 171.116 188.892 
218.416 216.612 204.116 
239.096 233.508 236.896 
229.284 194.92 213.18 
166.848 131.12 160.908 
110.352 75.988 110.176 
111.628 141.152 155.144 
126.896 182.556 169.004 
59.136 41.668 23.54 
86.24 83.116 60.852 
61.644 74.008 81.18 
64.812 50.248 54.912 
53.504 69.344 94.336 
136.972 120.428 123.332 
104.852 119.328 116.16 
117.964 131.56 129.008 
84.832 79.024 75.46 
64.68 46.772 51.656 
41.008 35.904 24.816 
36.3 40.832 64.372 
75.68 28.908 15.928 
92.268 38.808 40.436 
31.02 41.844 76.56 
53.196 53.856 44.924 
42.02 37.972 41.844 
12.76 16.984 16.984 
16.984 16.984 16.984 
15.884 15.884 39.028 
60.852 70.268 93.896 
47.432 26.048 11.396 
11.396 29.436 29.436 
29.436 29.436 29.436 
29.436 29.436 29.436 
29.436 29.436 29.436 
29.436 29.436 29.436 
29.436 29.436 30.14 
30.14 32.648 32.648 
20.988 32.472 13.992 
28.512 28.512 28.512 
28.512 28.512 19.316 
42.196 40.832 50.864 
